0.002471327
0.002879874
0.003537097
0.003505632
0.004042761
0.004844187
0.006110939
0.007730448
0.01002279
0.0112069
0.01393491
0.01377218
0.01400916
0.01656396
0.0192027
0.01937836
0.01924243
0.01814907
0.01711741
0.01591583
0.01502961
0.01515134
0.01622803
0.01908662
0.02075939
0.02041694
0.02210633
0.02524811
0.02947658
0.03425195
0.03333611
0.03213597
0.0268859
0.02110488
0.0183897
0.01505331
0.01221057
0.01036972
0.009448547
0.009324191
0.008014803
0.006117517
0.004818026
0.004762871
0.004745429
0.005460517
0.006331523
0.006519652
0.006618004
0.007060948
0.007484105
0.006690898
0.006421093
0.006058878
0.004974873
0.004007169
0.003452944
0.003174616
0.003116288
0.002859379
0.00294428
0.003221394
0.003233985
0.003114787
0.003021917
0.002594077
0.001940779
0.002005396
0.002094661
0.00211715
0.002553217
0.003176883
0.003843401
0.004150209
0.004535847
0.004781558
0.004325104
0.003886545
0.00334112
0.002476262
0.002160089
0.002007588
0.002104059
0.001875114
0.001619528
0.001514214
0.001637696
0.001807902
0.00225041
0.00263575
0.003225123
0.003729777
0.004839843
0.005909785
0.007767321
0.01119835
0.01307978
0.01241732
0.01318591
0.01391844
0.01506696
0.01681645
0.01686678
0.01664113
0.01578907
0.01604812
0.01681685
0.01446501
0.01176542
0.01074677
0.009937236
0.009758725
0.01135168
0.01273625
0.01466161
0.01780797
0.0209693
0.02403379
0.02403177
0.0236691
0.02390066
0.0248041
0.02051575
0.01553232
0.01327507
0.01110304
0.007733185
0.005371816
0.004392852
0.00480424
0.004509235
0.004043209
0.003826811
0.003113208
0.002445722
0.002307878
0.002246247
0.002250914
0.002040643
0.002410491
0.002513766
0.002397083
0.003083768
0.003695982
0.004776535
0.005689109
0.005910391
0.005786357
0.005527057
0.005264123
0.004848736
0.004818533
0.004624848
0.004329323
0.003949202
0.003496004
0.002770457
0.00230896
0.001998295
0.002006771
0.001804635
0.001531965
0.001435877
0.001143877
0.00114861
0.001112246
0.0009263481
0.0007445796
0.0007211057
0.0007588181
0.0008022098
0.0008189903
0.0009698897
0.001155448
0.001054108
0.0009008822
0.0007714284
0.0007223412
0.000700886
0.0007400609
0.0009128345
0.00121776
0.001474649
0.001769838
0.002359375
0.003144573
0.003680331
0.004621849
0.005880918
0.007471414
0.008118157
0.009001268
0.01000226
0.009593131
0.01109825
0.01167344
0.01354772
0.01579784
0.01707092
0.01324406