0
-2.49306
-2.689183
-4.290152
-4.3395
-4.485876
-5.455234
-6.417636
-6.810315
-8.164819
-7.589827
-10.03141
-11.3185
-12.04519
-12.75536
-12.00411
-13.37422
-13.52193
-14.93133
-15.57532
-15.39209
-16.10572
-17.23936
-16.38149
-15.07414
-13.83816
-12.53341
-11.73255
-10.11949
-9.883077
-9.995175
-9.708149
-7.345694
-6.029758
-6.76537
-8.051206
-7.685389
-6.397649
-5.186
-3.897649
-3.374186
-1.740726
-2.019401
-2.31417
-3.068664
-2.136096
-2.491524
-2.643667
-1.82303
-3.196017
-3.920987
-2.681695
-2.362895
-3.743902
-3.154735
-2.531232
-1.975096
0.006780591
0.1972133
0.5112584
1.289145
1.528192
1.041714
1.492897
0.5302861
0.2521013
-0.3683473
-0.3884559
-0.1244129
-0.8008735
-0.5623766
-1.905868
-2.188069
-2.436758
-3.458008
-3.969511
-4.941329
-6.356651
-4.834966
-5.871914
-5.538093
-6.327486
-7.486285
-7.645859
-8.177702
-6.832013
-6.750758
-6.475871
-5.995869
-5.926188
-3.856028
-3.403257
-2.557945
-2.441014
-1.737012
-2.314088
-1.526993
-1.014073
-1.097156
-1.099947
-0.7795684
-1.242409
-1.273446
-3.439388
-2.81912
-3.33248
-3.267918
-4.690627
-5.314386
-5.036291
-5.518024
-5.034017
-5.884098
-5.099237
-5.766835
-6.503637
-6.352164
-6.199405
-7.124165
-7.128352
-6.069944
-4.021994
-5.613094
-4.799803
-4.931523
-4.565468
-4.653553
-3.296639
-2.409509
-2.719522
-0.9183778
-1.053613
2.091221
3.335136
4.108885
4.970418
6.745129
8.0478
7.50479
7.224556
8.190448
8.066995
6.227706
7.113068
7.454302
8.117067
8.455271
9.992034
10.23916
9.96164
8.600767
7.578254
6.8562
7.92126
8.353404
7.312638
8.410651
9.157614
9.643634
10.22547
9.92447
9.762784
9.730458
9.722397
9.19965
8.971664
8.984573
10.52289
10.89239
11.70291
11.9375
10.72466
12.22865
14.6071
14.85485
15.06069
16.1398
15.30766
14.91062
15.771
16.57537
17.28228
17.64807
17.59282
16.70269
15.2204
14.01701
14.84994
14.8447
14.50963
15.72877
14.69405
15.05813
15.60767
17.02722
16.20548
15.79259
16.77539
18.33802
18.37274
18.3962
17.45051
17.02491
17.07477
16.30629
15.93815
18.02887
17.80169
18.09706
17.81709
20.1671
19.8397
18.59114
19.16831
18.27264
16.9959
15.17095
14.30515
14.13316
12.17647
12.10204
12.96955
13.13581
13.69751
11.86319
12.03327
11.82428
12.51736
12.58995
12.81233
13.60496
14.83878
15.00977
14.99155
14.94315
15.16816
14.69515
15.01595
13.94599
15.75787
16.23098
15.81864
16.63384
15.84599
18.00769
19.52716
19.88638
19.9044
20.87256
20.00098
18.85818
20.31164
21.51557
21.6281
20.76186
20.39886
21.7998
23.59788
22.07844
23.24475
24.23199
24.18545
23.84297
24.21445
24.08244
24.15796
24.66938
26.70442
26.59929
26.22557
27.83847
26.66889
25.82143
24.2918
24.183
25.54358
26.76843
27.86811
28.66365
29.41739
30.14134
30.13606
30.20965
32.4359
32.80675
30.98791
30.10237
31.68318
31.88405
31.0144
31.5052
30.9105
31.5096
33.56601
34.36307
36.01057
36.6716
37.10729
37.46309
39.10782
38.57747